0001 = 0 0 64 64
0002 = 65 0 64 64
0003 = 130 0 64 64
0004 = 0 65 64 64
0005 = 65 65 64 64
0006 = 0 130 64 64
0007 = 65 130 64 64
0008 = 130 65 64 64
0009 = 130 130 64 64
0010 = 195 0 64 64
0011 = 195 65 64 64
0012 = 260 0 64 64
0013 = 195 130 64 64
0014 = 260 65 64 64
0015 = 325 0 64 64
0016 = 325 65 64 64
0017 = 260 130 64 64
0018 = 325 130 64 64
0019 = 0 195 64 64
0020 = 65 195 64 64
0021 = 0 260 64 64
0022 = 130 195 64 64
0023 = 65 260 64 64
0024 = 0 325 64 64
0025 = 65 325 64 64
0026 = 195 195 64 64
0027 = 130 260 64 64
0028 = 260 195 64 64
0029 = 195 260 64 64
0030 = 130 325 64 64
0031 = 260 260 64 64
0032 = 195 325 64 64
