0000 = 0 0 128 128
0001 = 129 0 128 128
0002 = 258 0 128 128
0003 = 0 129 128 128
0004 = 129 129 128 128
0005 = 0 258 128 128
0006 = 129 258 128 128
0007 = 258 129 128 128
0008 = 258 258 128 128
0009 = 387 0 128 128
0010 = 387 129 128 128
0011 = 516 0 128 128
0012 = 387 258 128 128
0013 = 516 129 128 128
0014 = 645 0 128 128
0015 = 774 0 128 128
0016 = 645 129 128 128
0017 = 516 258 128 128
0018 = 645 258 128 128
0019 = 774 129 128 128
0020 = 774 258 128 128
0021 = 0 387 128 128
0022 = 0 516 128 128
0023 = 129 387 128 128
0024 = 129 516 128 128
0025 = 0 645 128 128
0026 = 258 387 128 128
0027 = 129 645 128 128
0028 = 387 387 128 128
0029 = 258 516 128 128
0030 = 516 387 128 128
0031 = 387 516 128 128
0032 = 258 645 128 128
0033 = 387 645 128 128
0034 = 645 387 128 128
0035 = 516 516 128 128
0036 = 645 516 128 128
