0000 = 0 0 64 64
0001 = 65 0 64 64
0002 = 130 0 64 64
0003 = 0 65 64 64
0004 = 65 65 64 64
0005 = 0 130 64 64
0006 = 65 130 64 64
0007 = 130 65 64 64
0008 = 130 130 64 64
0009 = 195 0 64 64
0010 = 195 65 64 64
0011 = 260 0 64 64
0012 = 195 130 64 64
0013 = 260 65 64 64
0014 = 325 0 64 64
0015 = 390 0 64 64
0016 = 325 65 64 64
0017 = 260 130 64 64
0018 = 325 130 64 64
0019 = 390 65 64 64
0020 = 390 130 64 64
0021 = 0 195 64 64
0022 = 0 260 64 64
0023 = 65 195 64 64
0024 = 65 260 64 64
0025 = 0 325 64 64
0026 = 130 195 64 64
0027 = 65 325 64 64
0028 = 0 390 64 64
0029 = 195 195 64 64
0030 = 130 260 64 64
0031 = 130 325 64 64
0032 = 260 195 64 64
0033 = 65 390 64 64
0034 = 195 260 64 64
0035 = 130 390 64 64
0036 = 260 260 64 64
0037 = 195 325 64 64
0038 = 325 195 64 64
0039 = 260 325 64 64
0040 = 195 390 64 64
0041 = 390 195 64 64
0042 = 325 260 64 64
0043 = 390 260 64 64
0044 = 325 325 64 64
0045 = 260 390 64 64
0046 = 325 390 64 64
0047 = 390 325 64 64
0048 = 390 390 64 64
0049 = 455 0 64 64
0050 = 455 65 64 64
0051 = 520 0 64 64
0052 = 520 65 64 64
0053 = 455 130 64 64
0054 = 585 0 64 64
0055 = 585 65 64 64
0056 = 520 130 64 64
0057 = 455 195 64 64
0058 = 585 130 64 64
0059 = 520 195 64 64
0060 = 455 260 64 64
0061 = 520 260 64 64
0062 = 455 325 64 64
0063 = 585 195 64 64
0064 = 520 325 64 64
0065 = 455 390 64 64
0066 = 585 260 64 64
0067 = 585 325 64 64
0068 = 520 390 64 64
0069 = 585 390 64 64
0070 = 0 455 64 64
0071 = 65 455 64 64
0072 = 0 520 64 64
0073 = 130 455 64 64
0074 = 65 520 64 64
0075 = 0 585 64 64
0076 = 65 585 64 64
0077 = 195 455 64 64
0078 = 130 520 64 64
0079 = 195 520 64 64
0080 = 130 585 64 64
0081 = 260 455 64 64
0082 = 195 585 64 64
0083 = 325 455 64 64
0084 = 260 520 64 64
0085 = 260 585 64 64
0086 = 390 455 64 64
0087 = 325 520 64 64
0088 = 455 455 64 64
0089 = 390 520 64 64
0090 = 325 585 64 64
0091 = 455 520 64 64
0092 = 390 585 64 64
0093 = 520 455 64 64
0094 = 585 455 64 64
0095 = 520 520 64 64
0096 = 455 585 64 64
